         0         0         0         0
    0.0100    0.0000    0.0000    0.0082
    0.0200    0.0000    0.0002    0.0164
    0.0300    0.0000    0.0004    0.0244
    0.0400    0.0000    0.0007    0.0325
    0.0500    0.0000    0.0010    0.0405
    0.0600    0.0000    0.0015    0.0484
    0.0700    0.0000    0.0020    0.0563
    0.0800    0.0001    0.0026    0.0641
    0.0900    0.0001    0.0033    0.0719
    0.1000    0.0001    0.0040    0.0796
    0.1100    0.0002    0.0049    0.0872
    0.1200    0.0002    0.0058    0.0948
    0.1300    0.0003    0.0068    0.1024
    0.1400    0.0004    0.0078    0.1099
    0.1500    0.0005    0.0090    0.1174
    0.1600    0.0005    0.0102    0.1247
    0.1700    0.0007    0.0114    0.1321
    0.1800    0.0008    0.0128    0.1394
    0.1900    0.0009    0.0142    0.1466
    0.2000    0.0011    0.0157    0.1538
    0.2100    0.0012    0.0173    0.1609
    0.2200    0.0014    0.0190    0.1680
    0.2300    0.0016    0.0207    0.1750
    0.2400    0.0018    0.0225    0.1820
    0.2500    0.0021    0.0243    0.1889
    0.2600    0.0023    0.0262    0.1958
    0.2700    0.0026    0.0282    0.2026
    0.2800    0.0029    0.0303    0.2094
    0.2900    0.0032    0.0324    0.2161
    0.3000    0.0035    0.0346    0.2228
    0.3100    0.0039    0.0369    0.2294
    0.3200    0.0043    0.0392    0.2359
    0.3300    0.0047    0.0416    0.2425
    0.3400    0.0051    0.0440    0.2489
    0.3500    0.0055    0.0466    0.2553
    0.3600    0.0060    0.0492    0.2617
    0.3700    0.0065    0.0518    0.2680
    0.3800    0.0071    0.0545    0.2743
    0.3900    0.0076    0.0573    0.2805
    0.4000    0.0082    0.0601    0.2866
    0.4100    0.0088    0.0630    0.2927
    0.4200    0.0095    0.0660    0.2988
    0.4300    0.0101    0.0690    0.3048
    0.4400    0.0108    0.0721    0.3108
    0.4500    0.0116    0.0752    0.3167
    0.4600    0.0123    0.0784    0.3225
    0.4700    0.0131    0.0817    0.3283
    0.4800    0.0140    0.0850    0.3341
    0.4900    0.0148    0.0883    0.3398
    0.5000    0.0157    0.0918    0.3455
    0.5100    0.0167    0.0952    0.3511
    0.5200    0.0177    0.0988    0.3567
    0.5300    0.0187    0.1024    0.3622
    0.5400    0.0197    0.1060    0.3676
    0.5500    0.0208    0.1097    0.3731
    0.5600    0.0219    0.1135    0.3784
    0.5700    0.0231    0.1173    0.3838
    0.5800    0.0242    0.1212    0.3890
    0.5900    0.0255    0.1251    0.3943
    0.6000    0.0267    0.1291    0.3995
    0.6100    0.0281    0.1331    0.4046
    0.6200    0.0294    0.1371    0.4097
    0.6300    0.0308    0.1413    0.4147
    0.6400    0.0322    0.1454    0.4197
    0.6500    0.0337    0.1497    0.4246
    0.6600    0.0352    0.1539    0.4295
    0.6700    0.0368    0.1583    0.4344
    0.6800    0.0384    0.1626    0.4392
    0.6900    0.0400    0.1670    0.4440
    0.7000    0.0417    0.1715    0.4487
    0.7100    0.0435    0.1760    0.4533
    0.7200    0.0453    0.1806    0.4580
    0.7300    0.0471    0.1852    0.4625
    0.7400    0.0490    0.1898    0.4671
    0.7500    0.0509    0.1945    0.4715
    0.7600    0.0528    0.1992    0.4760
    0.7700    0.0549    0.2040    0.4804
    0.7800    0.0569    0.2089    0.4847
    0.7900    0.0590    0.2137    0.4890
    0.8000    0.0612    0.2186    0.4933
    0.8100    0.0634    0.2236    0.4975
    0.8200    0.0657    0.2286    0.5016
    0.8300    0.0680    0.2336    0.5057
    0.8400    0.0703    0.2387    0.5098
    0.8500    0.0728    0.2438    0.5139
    0.8600    0.0752    0.2490    0.5178
    0.8700    0.0777    0.2542    0.5218
    0.8800    0.0803    0.2594    0.5257
    0.8900    0.0829    0.2647    0.5295
    0.9000    0.0856    0.2700    0.5333
    0.9100    0.0883    0.2754    0.5371
    0.9200    0.0911    0.2807    0.5408
    0.9300    0.0939    0.2862    0.5445
    0.9400    0.0968    0.2916    0.5481
    0.9500    0.0998    0.2971    0.5517
    0.9600    0.1028    0.3027    0.5553
    0.9700    0.1058    0.3082    0.5588
    0.9800    0.1089    0.3138    0.5622
    0.9900    0.1121    0.3195    0.5656
    1.0000    0.1153    0.3252    0.5690
    1.0100    0.1186    0.3309    0.5724
    1.0200    0.1219    0.3366    0.5756
    1.0300    0.1253    0.3424    0.5789
    1.0400    0.1288    0.3482    0.5821
    1.0500    0.1323    0.3540    0.5853
    1.0600    0.1359    0.3599    0.5884
    1.0700    0.1395    0.3658    0.5915
    1.0800    0.1432    0.3717    0.5945
    1.0900    0.1469    0.3777    0.5975
    1.1000    0.1507    0.3837    0.6004
    1.1100    0.1546    0.3897    0.6033
    1.1200    0.1585    0.3957    0.6062
    1.1300    0.1625    0.4018    0.6090
    1.1400    0.1666    0.4079    0.6118
    1.1500    0.1707    0.4140    0.6146
    1.1600    0.1749    0.4202    0.6173
    1.1700    0.1791    0.4264    0.6200
    1.1800    0.1834    0.4326    0.6226
    1.1900    0.1877    0.4388    0.6252
    1.2000    0.1922    0.4451    0.6277
    1.2100    0.1966    0.4514    0.6302
    1.2200    0.2012    0.4577    0.6327
    1.2300    0.2058    0.4640    0.6351
    1.2400    0.2105    0.4704    0.6375
    1.2500    0.2152    0.4768    0.6398
    1.2600    0.2200    0.4832    0.6421
    1.2700    0.2249    0.4896    0.6444
    1.2800    0.2298    0.4961    0.6466
    1.2900    0.2348    0.5026    0.6488
    1.3000    0.2398    0.5091    0.6510
    1.3100    0.2450    0.5156    0.6531
    1.3200    0.2502    0.5221    0.6551
    1.3300    0.2554    0.5287    0.6572
    1.3400    0.2607    0.5353    0.6592
    1.3500    0.2661    0.5419    0.6611
    1.3600    0.2716    0.5485    0.6630
    1.3700    0.2771    0.5551    0.6649
    1.3800    0.2827    0.5618    0.6667
    1.3900    0.2883    0.5685    0.6685
    1.4000    0.2940    0.5752    0.6703
    1.4100    0.2998    0.5819    0.6720
    1.4200    0.3057    0.5886    0.6737
    1.4300    0.3116    0.5954    0.6754
    1.4400    0.3176    0.6021    0.6770
    1.4500    0.3236    0.6089    0.6786
    1.4600    0.3298    0.6157    0.6801
    1.4700    0.3360    0.6225    0.6816
    1.4800    0.3422    0.6293    0.6831
    1.4900    0.3485    0.6362    0.6845
    1.5000    0.3549    0.6430    0.6859
    1.5100    0.3614    0.6499    0.6872
    1.5200    0.3679    0.6567    0.6885
    1.5300    0.3745    0.6636    0.6898
    1.5400    0.3812    0.6705    0.6911
    1.5500    0.3879    0.6775    0.6923
    1.5600    0.3948    0.6844    0.6934
    1.5700    0.4016    0.6913    0.6946
    1.5800    0.4086    0.6983    0.6957
    1.5900    0.4156    0.7052    0.6968
    1.6000    0.4227    0.7122    0.6978
    1.6100    0.4298    0.7192    0.6988
    1.6200    0.4371    0.7262    0.6997
    1.6300    0.4444    0.7332    0.7007
    1.6400    0.4517    0.7402    0.7015
    1.6500    0.4592    0.7472    0.7024
    1.6600    0.4667    0.7543    0.7032
    1.6700    0.4743    0.7613    0.7040
    1.6800    0.4819    0.7683    0.7048
    1.6900    0.4896    0.7754    0.7055
    1.7000    0.4974    0.7824    0.7062
    1.7100    0.5053    0.7895    0.7068
    1.7200    0.5132    0.7966    0.7074
    1.7300    0.5212    0.8037    0.7080
    1.7400    0.5293    0.8107    0.7085
    1.7500    0.5374    0.8178    0.7091
    1.7600    0.5456    0.8249    0.7095
    1.7700    0.5539    0.8320    0.7100
    1.7800    0.5623    0.8391    0.7104
    1.7900    0.5707    0.8462    0.7108
    1.8000    0.5792    0.8533    0.7111
    1.8100    0.5878    0.8604    0.7114
    1.8200    0.5964    0.8676    0.7117
    1.8300    0.6051    0.8747    0.7120
    1.8400    0.6139    0.8818    0.7122
    1.8500    0.6228    0.8889    0.7123
    1.8600    0.6317    0.8960    0.7125
    1.8700    0.6407    0.9032    0.7126
    1.8800    0.6497    0.9103    0.7127
    1.8900    0.6589    0.9174    0.7128
    1.9000    0.6681    0.9246    0.7128
    1.9100    0.6774    0.9317    0.7128
    1.9200    0.6867    0.9388    0.7127
    1.9300    0.6962    0.9459    0.7127
    1.9400    0.7056    0.9531    0.7125
    1.9500    0.7152    0.9602    0.7124
    1.9600    0.7248    0.9673    0.7122
    1.9700    0.7346    0.9744    0.7121
    1.9800    0.7443    0.9816    0.7118
    1.9900    0.7542    0.9887    0.7116
    2.0000    0.7641    0.9958    0.7113
    2.0100    0.7741    1.0029    0.7110
    2.0200    0.7842    1.0100    0.7106
    2.0300    0.7943    1.0171    0.7102
    2.0400    0.8045    1.0242    0.7098
    2.0500    0.8148    1.0313    0.7094
    2.0600    0.8251    1.0384    0.7089
    2.0700    0.8356    1.0455    0.7084
    2.0800    0.8460    1.0526    0.7079
    2.0900    0.8566    1.0596    0.7073
    2.1000    0.8672    1.0667    0.7067
    2.1100    0.8779    1.0738    0.7061
    2.1200    0.8887    1.0808    0.7055
    2.1300    0.8996    1.0879    0.7048
    2.1400    0.9105    1.0949    0.7041
    2.1500    0.9215    1.1020    0.7033
    2.1600    0.9325    1.1090    0.7026
    2.1700    0.9436    1.1160    0.7018
    2.1800    0.9548    1.1230    0.7010
    2.1900    0.9661    1.1300    0.7001
    2.2000    0.9774    1.1370    0.6992
    2.2100    0.9888    1.1440    0.6983
    2.2200    1.0003    1.1510    0.6974
    2.2300    1.0119    1.1580    0.6964
    2.2400    1.0235    1.1649    0.6955
    2.2500    1.0352    1.1719    0.6944
    2.2600    1.0469    1.1788    0.6934
    2.2700    1.0587    1.1857    0.6923
    2.2800    1.0706    1.1927    0.6912
    2.2900    1.0826    1.1996    0.6901
    2.3000    1.0946    1.2065    0.6890
    2.3100    1.1067    1.2133    0.6878
    2.3200    1.1189    1.2202    0.6866
    2.3300    1.1311    1.2271    0.6853
    2.3400    1.1434    1.2339    0.6841
    2.3500    1.1558    1.2408    0.6828
    2.3600    1.1682    1.2476    0.6815
    2.3700    1.1807    1.2544    0.6802
    2.3800    1.1933    1.2612    0.6788
    2.3900    1.2060    1.2680    0.6774
    2.4000    1.2187    1.2747    0.6760
    2.4100    1.2315    1.2815    0.6746
    2.4200    1.2443    1.2882    0.6731
    2.4300    1.2572    1.2949    0.6716
    2.4400    1.2702    1.3017    0.6701
    2.4500    1.2833    1.3083    0.6685
    2.4600    1.2964    1.3150    0.6670
    2.4700    1.3096    1.3217    0.6654
    2.4800    1.3228    1.3283    0.6638
    2.4900    1.3361    1.3350    0.6621
    2.5000    1.3495    1.3416    0.6605
    2.5100    1.3630    1.3482    0.6588
    2.5200    1.3765    1.3548    0.6571
    2.5300    1.3901    1.3613    0.6553
    2.5400    1.4037    1.3679    0.6536
    2.5500    1.4174    1.3744    0.6518
    2.5600    1.4312    1.3809    0.6500
    2.5700    1.4450    1.3874    0.6481
    2.5800    1.4589    1.3939    0.6463
    2.5900    1.4729    1.4003    0.6444
    2.6000    1.4869    1.4067    0.6425
    2.6100    1.5010    1.4132    0.6406
    2.6200    1.5152    1.4196    0.6386
    2.6300    1.5294    1.4259    0.6367
    2.6400    1.5437    1.4323    0.6347
    2.6500    1.5581    1.4386    0.6326
    2.6600    1.5725    1.4449    0.6306
    2.6700    1.5870    1.4512    0.6285
    2.6800    1.6015    1.4575    0.6265
    2.6900    1.6161    1.4638    0.6244
    2.7000    1.6308    1.4700    0.6222
    2.7100    1.6455    1.4762    0.6201
    2.7200    1.6603    1.4824    0.6179
    2.7300    1.6752    1.4886    0.6157
    2.7400    1.6901    1.4947    0.6135
    2.7500    1.7051    1.5008    0.6113
    2.7600    1.7201    1.5069    0.6090
    2.7700    1.7352    1.5130    0.6067
    2.7800    1.7504    1.5191    0.6044
    2.7900    1.7656    1.5251    0.6021
    2.8000    1.7809    1.5311    0.5997
    2.8100    1.7962    1.5371    0.5974
    2.8200    1.8116    1.5431    0.5950
    2.8300    1.8271    1.5490    0.5926
    2.8400    1.8426    1.5549    0.5902
    2.8500    1.8582    1.5608    0.5877
    2.8600    1.8738    1.5667    0.5853
    2.8700    1.8895    1.5725    0.5828
    2.8800    1.9053    1.5783    0.5803
    2.8900    1.9211    1.5841    0.5777
    2.9000    1.9369    1.5899    0.5752
    2.9100    1.9529    1.5956    0.5726
    2.9200    1.9689    1.6013    0.5700
    2.9300    1.9849    1.6070    0.5674
    2.9400    2.0010    1.6127    0.5648
    2.9500    2.0172    1.6183    0.5622
    2.9600    2.0334    1.6239    0.5595
    2.9700    2.0496    1.6295    0.5568
    2.9800    2.0660    1.6351    0.5541
    2.9900    2.0823    1.6406    0.5514
    3.0000    2.0988    1.6461    0.5487
    3.0100    2.1153    1.6516    0.5459
    3.0200    2.1318    1.6570    0.5432
    3.0300    2.1484    1.6624    0.5404
    3.0400    2.1650    1.6678    0.5376
    3.0500    2.1818    1.6732    0.5348
    3.0600    2.1985    1.6785    0.5319
    3.0700    2.2153    1.6838    0.5291
    3.0800    2.2322    1.6891    0.5262
    3.0900    2.2491    1.6943    0.5233
    3.1000    2.2661    1.6996    0.5204
    3.1100    2.2831    1.7047    0.5174
    3.1200    2.3002    1.7099    0.5145
    3.1300    2.3173    1.7150    0.5115
    3.1400    2.3345    1.7201    0.5086
    3.1500    2.3517    1.7252    0.5056
    3.1600    2.3690    1.7302    0.5025
    3.1700    2.3863    1.7353    0.4995
    3.1800    2.4037    1.7402    0.4965
    3.1900    2.4211    1.7452    0.4934
    3.2000    2.4386    1.7501    0.4903
    3.2100    2.4561    1.7550    0.4872
    3.2200    2.4737    1.7599    0.4841
    3.2300    2.4913    1.7647    0.4810
    3.2400    2.5090    1.7695    0.4779
    3.2500    2.5267    1.7742    0.4747
    3.2600    2.5445    1.7790    0.4715
    3.2700    2.5623    1.7837    0.4684
    3.2800    2.5801    1.7883    0.4652
    3.2900    2.5980    1.7930    0.4619
    3.3000    2.6160    1.7976    0.4587
    3.3100    2.6340    1.8021    0.4555
    3.3200    2.6520    1.8067    0.4522
    3.3300    2.6701    1.8112    0.4489
    3.3400    2.6883    1.8157    0.4456
    3.3500    2.7064    1.8201    0.4423
    3.3600    2.7247    1.8245    0.4390
    3.3700    2.7429    1.8289    0.4357
    3.3800    2.7612    1.8332    0.4324
    3.3900    2.7796    1.8375    0.4290
    3.4000    2.7980    1.8418    0.4256
    3.4100    2.8164    1.8460    0.4222
    3.4200    2.8349    1.8502    0.4188
    3.4300    2.8534    1.8544    0.4154
    3.4400    2.8720    1.8586    0.4120
    3.4500    2.8906    1.8627    0.4086
    3.4600    2.9092    1.8667    0.4051
    3.4700    2.9279    1.8708    0.4017
    3.4800    2.9467    1.8748    0.3982
    3.4900    2.9654    1.8787    0.3947
    3.5000    2.9842    1.8827    0.3912
    3.5100    3.0031    1.8865    0.3877
    3.5200    3.0220    1.8904    0.3842
    3.5300    3.0409    1.8942    0.3806
    3.5400    3.0599    1.8980    0.3771
    3.5500    3.0789    1.9018    0.3735
    3.5600    3.0979    1.9055    0.3700
    3.5700    3.1170    1.9092    0.3664
    3.5800    3.1361    1.9128    0.3628
    3.5900    3.1552    1.9164    0.3592
    3.6000    3.1744    1.9200    0.3556
    3.6100    3.1936    1.9235    0.3519
    3.6200    3.2129    1.9270    0.3483
    3.6300    3.2322    1.9305    0.3446
    3.6400    3.2515    1.9339    0.3410
    3.6500    3.2708    1.9373    0.3373
    3.6600    3.2902    1.9407    0.3336
    3.6700    3.3097    1.9440    0.3299
    3.6800    3.3291    1.9473    0.3262
    3.6900    3.3486    1.9505    0.3225
    3.7000    3.3681    1.9537    0.3188
    3.7100    3.3877    1.9569    0.3151
    3.7200    3.4073    1.9600    0.3113
    3.7300    3.4269    1.9631    0.3076
    3.7400    3.4465    1.9662    0.3038
    3.7500    3.4662    1.9692    0.3001
    3.7600    3.4859    1.9722    0.2963
    3.7700    3.5056    1.9751    0.2925
    3.7800    3.5254    1.9780    0.2887
    3.7900    3.5452    1.9809    0.2849
    3.8000    3.5650    1.9837    0.2811
    3.8100    3.5849    1.9865    0.2773
    3.8200    3.6048    1.9893    0.2734
    3.8300    3.6247    1.9920    0.2696
    3.8400    3.6446    1.9947    0.2658
    3.8500    3.6646    1.9973    0.2619
    3.8600    3.6845    1.9999    0.2580
    3.8700    3.7045    2.0025    0.2542
    3.8800    3.7246    2.0050    0.2503
    3.8900    3.7446    2.0075    0.2464
    3.9000    3.7647    2.0099    0.2425
    3.9100    3.7848    2.0123    0.2386
    3.9200    3.8050    2.0147    0.2347
    3.9300    3.8251    2.0170    0.2308
    3.9400    3.8453    2.0193    0.2269
    3.9500    3.8655    2.0216    0.2230
    3.9600    3.8858    2.0238    0.2190
    3.9700    3.9060    2.0259    0.2151
    3.9800    3.9263    2.0281    0.2111
    3.9900    3.9466    2.0302    0.2072
    4.0000    3.9669    2.0322    0.2032
    4.0100    3.9872    2.0342    0.1993
    4.0200    4.0076    2.0362    0.1953
    4.0300    4.0279    2.0381    0.1913
    4.0400    4.0483    2.0400    0.1873
    4.0500    4.0687    2.0419    0.1833
    4.0600    4.0892    2.0437    0.1793
    4.0700    4.1096    2.0455    0.1753
    4.0800    4.1301    2.0472    0.1713
    4.0900    4.1505    2.0489    0.1673
    4.1000    4.1710    2.0505    0.1633
    4.1100    4.1916    2.0522    0.1593
    4.1200    4.2121    2.0537    0.1553
    4.1300    4.2326    2.0553    0.1512
    4.1400    4.2532    2.0568    0.1472
    4.1500    4.2738    2.0582    0.1432
    4.1600    4.2944    2.0596    0.1391
    4.1700    4.3150    2.0610    0.1351
    4.1800    4.3356    2.0623    0.1310
    4.1900    4.3562    2.0636    0.1270
    4.2000    4.3768    2.0649    0.1229
    4.2100    4.3975    2.0661    0.1188
    4.2200    4.4182    2.0672    0.1148
    4.2300    4.4388    2.0684    0.1107
    4.2400    4.4595    2.0694    0.1066
    4.2500    4.4802    2.0705    0.1026
    4.2600    4.5009    2.0715    0.0985
    4.2700    4.5217    2.0725    0.0944
    4.2800    4.5424    2.0734    0.0903
    4.2900    4.5631    2.0743    0.0862
    4.3000    4.5839    2.0751    0.0821
    4.3100    4.6046    2.0759    0.0780
    4.3200    4.6254    2.0767    0.0740
    4.3300    4.6462    2.0774    0.0699
    4.3400    4.6669    2.0781    0.0658
    4.3500    4.6877    2.0787    0.0617
    4.3600    4.7085    2.0793    0.0576
    4.3700    4.7293    2.0799    0.0535
    4.3800    4.7501    2.0804    0.0493
    4.3900    4.7709    2.0808    0.0452
    4.4000    4.7917    2.0813    0.0411
    4.4100    4.8125    2.0817    0.0370
    4.4200    4.8334    2.0820    0.0329
    4.4300    4.8542    2.0823    0.0288
    4.4400    4.8750    2.0826    0.0247
    4.4500    4.8958    2.0828    0.0206
    4.4600    4.9167    2.0830    0.0165
    4.4700    4.9375    2.0831    0.0123
    4.4800    4.9583    2.0833    0.0082
    4.4900    4.9792    2.0833    0.0041
    4.5000    5.0000    2.0833    0.0000
    4.5100    5.0208    2.0833   -0.0041
    4.5200    5.0417    2.0833   -0.0082
    4.5300    5.0625    2.0831   -0.0123
    4.5400    5.0833    2.0830   -0.0165
    4.5500    5.1042    2.0828   -0.0206
    4.5600    5.1250    2.0826   -0.0247
    4.5700    5.1458    2.0823   -0.0288
    4.5800    5.1666    2.0820   -0.0329
    4.5900    5.1875    2.0817   -0.0370
    4.6000    5.2083    2.0813   -0.0411
    4.6100    5.2291    2.0808   -0.0452
    4.6200    5.2499    2.0804   -0.0493
    4.6300    5.2707    2.0799   -0.0535
    4.6400    5.2915    2.0793   -0.0576
    4.6500    5.3123    2.0787   -0.0617
    4.6600    5.3331    2.0781   -0.0658
    4.6700    5.3538    2.0774   -0.0699
    4.6800    5.3746    2.0767   -0.0740
    4.6900    5.3954    2.0759   -0.0780
    4.7000    5.4161    2.0751   -0.0821
    4.7100    5.4369    2.0743   -0.0862
    4.7200    5.4576    2.0734   -0.0903
    4.7300    5.4783    2.0725   -0.0944
    4.7400    5.4991    2.0715   -0.0985
    4.7500    5.5198    2.0705   -0.1026
    4.7600    5.5405    2.0694   -0.1066
    4.7700    5.5612    2.0684   -0.1107
    4.7800    5.5818    2.0672   -0.1148
    4.7900    5.6025    2.0661   -0.1188
    4.8000    5.6232    2.0649   -0.1229
    4.8100    5.6438    2.0636   -0.1270
    4.8200    5.6644    2.0623   -0.1310
    4.8300    5.6850    2.0610   -0.1351
    4.8400    5.7056    2.0596   -0.1391
    4.8500    5.7262    2.0582   -0.1432
    4.8600    5.7468    2.0568   -0.1472
    4.8700    5.7674    2.0553   -0.1512
    4.8800    5.7879    2.0537   -0.1553
    4.8900    5.8084    2.0522   -0.1593
    4.9000    5.8290    2.0505   -0.1633
    4.9100    5.8495    2.0489   -0.1673
    4.9200    5.8699    2.0472   -0.1713
    4.9300    5.8904    2.0455   -0.1753
    4.9400    5.9108    2.0437   -0.1793
    4.9500    5.9313    2.0419   -0.1833
    4.9600    5.9517    2.0400   -0.1873
    4.9700    5.9721    2.0381   -0.1913
    4.9800    5.9924    2.0362   -0.1953
    4.9900    6.0128    2.0342   -0.1993
    5.0000    6.0331    2.0322   -0.2032
    5.0100    6.0534    2.0302   -0.2072
    5.0200    6.0737    2.0281   -0.2111
    5.0300    6.0940    2.0259   -0.2151
    5.0400    6.1142    2.0238   -0.2190
    5.0500    6.1345    2.0216   -0.2230
    5.0600    6.1547    2.0193   -0.2269
    5.0700    6.1749    2.0170   -0.2308
    5.0800    6.1950    2.0147   -0.2347
    5.0900    6.2152    2.0123   -0.2386
    5.1000    6.2353    2.0099   -0.2425
    5.1100    6.2554    2.0075   -0.2464
    5.1200    6.2754    2.0050   -0.2503
    5.1300    6.2955    2.0025   -0.2542
    5.1400    6.3155    1.9999   -0.2580
    5.1500    6.3354    1.9973   -0.2619
    5.1600    6.3554    1.9947   -0.2658
    5.1700    6.3753    1.9920   -0.2696
    5.1800    6.3952    1.9893   -0.2734
    5.1900    6.4151    1.9865   -0.2773
    5.2000    6.4350    1.9837   -0.2811
    5.2100    6.4548    1.9809   -0.2849
    5.2200    6.4746    1.9780   -0.2887
    5.2300    6.4944    1.9751   -0.2925
    5.2400    6.5141    1.9722   -0.2963
    5.2500    6.5338    1.9692   -0.3001
    5.2600    6.5535    1.9662   -0.3038
    5.2700    6.5731    1.9631   -0.3076
    5.2800    6.5927    1.9600   -0.3113
    5.2900    6.6123    1.9569   -0.3151
    5.3000    6.6319    1.9537   -0.3188
    5.3100    6.6514    1.9505   -0.3225
    5.3200    6.6709    1.9473   -0.3262
    5.3300    6.6903    1.9440   -0.3299
    5.3400    6.7098    1.9407   -0.3336
    5.3500    6.7292    1.9373   -0.3373
    5.3600    6.7485    1.9339   -0.3410
    5.3700    6.7678    1.9305   -0.3446
    5.3800    6.7871    1.9270   -0.3483
    5.3900    6.8064    1.9235   -0.3519
    5.4000    6.8256    1.9200   -0.3556
    5.4100    6.8448    1.9164   -0.3592
    5.4200    6.8639    1.9128   -0.3628
    5.4300    6.8830    1.9092   -0.3664
    5.4400    6.9021    1.9055   -0.3700
    5.4500    6.9211    1.9018   -0.3735
    5.4600    6.9401    1.8980   -0.3771
    5.4700    6.9591    1.8942   -0.3806
    5.4800    6.9780    1.8904   -0.3842
    5.4900    6.9969    1.8865   -0.3877
    5.5000    7.0158    1.8827   -0.3912
    5.5100    7.0346    1.8787   -0.3947
    5.5200    7.0533    1.8748   -0.3982
    5.5300    7.0721    1.8708   -0.4017
    5.5400    7.0908    1.8667   -0.4051
    5.5500    7.1094    1.8627   -0.4086
    5.5600    7.1280    1.8586   -0.4120
    5.5700    7.1466    1.8544   -0.4154
    5.5800    7.1651    1.8502   -0.4188
    5.5900    7.1836    1.8460   -0.4222
    5.6000    7.2020    1.8418   -0.4256
    5.6100    7.2204    1.8375   -0.4290
    5.6200    7.2388    1.8332   -0.4324
    5.6300    7.2571    1.8289   -0.4357
    5.6400    7.2753    1.8245   -0.4390
    5.6500    7.2936    1.8201   -0.4423
    5.6600    7.3117    1.8157   -0.4456
    5.6700    7.3299    1.8112   -0.4489
    5.6800    7.3480    1.8067   -0.4522
    5.6900    7.3660    1.8021   -0.4555
    5.7000    7.3840    1.7976   -0.4587
    5.7100    7.4020    1.7930   -0.4619
    5.7200    7.4199    1.7883   -0.4652
    5.7300    7.4377    1.7837   -0.4684
    5.7400    7.4555    1.7790   -0.4715
    5.7500    7.4733    1.7742   -0.4747
    5.7600    7.4910    1.7695   -0.4779
    5.7700    7.5087    1.7647   -0.4810
    5.7800    7.5263    1.7599   -0.4841
    5.7900    7.5439    1.7550   -0.4872
    5.8000    7.5614    1.7501   -0.4903
    5.8100    7.5789    1.7452   -0.4934
    5.8200    7.5963    1.7402   -0.4965
    5.8300    7.6137    1.7353   -0.4995
    5.8400    7.6310    1.7302   -0.5025
    5.8500    7.6483    1.7252   -0.5056
    5.8600    7.6655    1.7201   -0.5086
    5.8700    7.6827    1.7150   -0.5115
    5.8800    7.6998    1.7099   -0.5145
    5.8900    7.7169    1.7047   -0.5174
    5.9000    7.7339    1.6996   -0.5204
    5.9100    7.7509    1.6943   -0.5233
    5.9200    7.7678    1.6891   -0.5262
    5.9300    7.7847    1.6838   -0.5291
    5.9400    7.8015    1.6785   -0.5319
    5.9500    7.8182    1.6732   -0.5348
    5.9600    7.8350    1.6678   -0.5376
    5.9700    7.8516    1.6624   -0.5404
    5.9800    7.8682    1.6570   -0.5432
    5.9900    7.8847    1.6516   -0.5459
    6.0000    7.9012    1.6461   -0.5487
    6.0100    7.9177    1.6406   -0.5514
    6.0200    7.9340    1.6351   -0.5541
    6.0300    7.9504    1.6295   -0.5568
    6.0400    7.9666    1.6239   -0.5595
    6.0500    7.9828    1.6183   -0.5622
    6.0600    7.9990    1.6127   -0.5648
    6.0700    8.0151    1.6070   -0.5674
    6.0800    8.0311    1.6013   -0.5700
    6.0900    8.0471    1.5956   -0.5726
    6.1000    8.0631    1.5899   -0.5752
    6.1100    8.0789    1.5841   -0.5777
    6.1200    8.0947    1.5783   -0.5803
    6.1300    8.1105    1.5725   -0.5828
    6.1400    8.1262    1.5667   -0.5853
    6.1500    8.1418    1.5608   -0.5877
    6.1600    8.1574    1.5549   -0.5902
    6.1700    8.1729    1.5490   -0.5926
    6.1800    8.1884    1.5431   -0.5950
    6.1900    8.2038    1.5371   -0.5974
    6.2000    8.2191    1.5311   -0.5997
    6.2100    8.2344    1.5251   -0.6021
    6.2200    8.2496    1.5191   -0.6044
    6.2300    8.2648    1.5130   -0.6067
    6.2400    8.2799    1.5069   -0.6090
    6.2500    8.2949    1.5008   -0.6113
    6.2600    8.3099    1.4947   -0.6135
    6.2700    8.3248    1.4886   -0.6157
    6.2800    8.3397    1.4824   -0.6179
    6.2900    8.3545    1.4762   -0.6201
    6.3000    8.3692    1.4700   -0.6222
    6.3100    8.3839    1.4638   -0.6244
    6.3200    8.3985    1.4575   -0.6265
    6.3300    8.4130    1.4512   -0.6285
    6.3400    8.4275    1.4449   -0.6306
    6.3500    8.4419    1.4386   -0.6326
    6.3600    8.4563    1.4323   -0.6347
    6.3700    8.4706    1.4259   -0.6367
    6.3800    8.4848    1.4196   -0.6386
    6.3900    8.4990    1.4132   -0.6406
    6.4000    8.5131    1.4067   -0.6425
    6.4100    8.5271    1.4003   -0.6444
    6.4200    8.5411    1.3939   -0.6463
    6.4300    8.5550    1.3874   -0.6481
    6.4400    8.5688    1.3809   -0.6500
    6.4500    8.5826    1.3744   -0.6518
    6.4600    8.5963    1.3679   -0.6536
    6.4700    8.6099    1.3613   -0.6553
    6.4800    8.6235    1.3548   -0.6571
    6.4900    8.6370    1.3482   -0.6588
    6.5000    8.6505    1.3416   -0.6605
    6.5100    8.6639    1.3350   -0.6621
    6.5200    8.6772    1.3283   -0.6638
    6.5300    8.6904    1.3217   -0.6654
    6.5400    8.7036    1.3150   -0.6670
    6.5500    8.7167    1.3083   -0.6685
    6.5600    8.7298    1.3017   -0.6701
    6.5700    8.7428    1.2949   -0.6716
    6.5800    8.7557    1.2882   -0.6731
    6.5900    8.7685    1.2815   -0.6746
    6.6000    8.7813    1.2747   -0.6760
    6.6100    8.7940    1.2680   -0.6774
    6.6200    8.8067    1.2612   -0.6788
    6.6300    8.8193    1.2544   -0.6802
    6.6400    8.8318    1.2476   -0.6815
    6.6500    8.8442    1.2408   -0.6828
    6.6600    8.8566    1.2339   -0.6841
    6.6700    8.8689    1.2271   -0.6853
    6.6800    8.8811    1.2202   -0.6866
    6.6900    8.8933    1.2133   -0.6878
    6.7000    8.9054    1.2065   -0.6890
    6.7100    8.9174    1.1996   -0.6901
    6.7200    8.9294    1.1927   -0.6912
    6.7300    8.9413    1.1857   -0.6923
    6.7400    8.9531    1.1788   -0.6934
    6.7500    8.9648    1.1719   -0.6944
    6.7600    8.9765    1.1649   -0.6955
    6.7700    8.9881    1.1580   -0.6964
    6.7800    8.9997    1.1510   -0.6974
    6.7900    9.0112    1.1440   -0.6983
    6.8000    9.0226    1.1370   -0.6992
    6.8100    9.0339    1.1300   -0.7001
    6.8200    9.0452    1.1230   -0.7010
    6.8300    9.0564    1.1160   -0.7018
    6.8400    9.0675    1.1090   -0.7026
    6.8500    9.0785    1.1020   -0.7033
    6.8600    9.0895    1.0949   -0.7041
    6.8700    9.1004    1.0879   -0.7048
    6.8800    9.1113    1.0808   -0.7055
    6.8900    9.1221    1.0738   -0.7061
    6.9000    9.1328    1.0667   -0.7067
    6.9100    9.1434    1.0596   -0.7073
    6.9200    9.1540    1.0526   -0.7079
    6.9300    9.1644    1.0455   -0.7084
    6.9400    9.1749    1.0384   -0.7089
    6.9500    9.1852    1.0313   -0.7094
    6.9600    9.1955    1.0242   -0.7098
    6.9700    9.2057    1.0171   -0.7102
    6.9800    9.2158    1.0100   -0.7106
    6.9900    9.2259    1.0029   -0.7110
    7.0000    9.2359    0.9958   -0.7113
    7.0100    9.2458    0.9887   -0.7116
    7.0200    9.2557    0.9816   -0.7118
    7.0300    9.2654    0.9744   -0.7121
    7.0400    9.2752    0.9673   -0.7122
    7.0500    9.2848    0.9602   -0.7124
    7.0600    9.2944    0.9531   -0.7125
    7.0700    9.3038    0.9459   -0.7127
    7.0800    9.3133    0.9388   -0.7127
    7.0900    9.3226    0.9317   -0.7128
    7.1000    9.3319    0.9246   -0.7128
    7.1100    9.3411    0.9174   -0.7128
    7.1200    9.3503    0.9103   -0.7127
    7.1300    9.3593    0.9032   -0.7126
    7.1400    9.3683    0.8960   -0.7125
    7.1500    9.3772    0.8889   -0.7123
    7.1600    9.3861    0.8818   -0.7122
    7.1700    9.3949    0.8747   -0.7120
    7.1800    9.4036    0.8676   -0.7117
    7.1900    9.4122    0.8604   -0.7114
    7.2000    9.4208    0.8533   -0.7111
    7.2100    9.4293    0.8462   -0.7108
    7.2200    9.4377    0.8391   -0.7104
    7.2300    9.4461    0.8320   -0.7100
    7.2400    9.4544    0.8249   -0.7095
    7.2500    9.4626    0.8178   -0.7091
    7.2600    9.4707    0.8107   -0.7085
    7.2700    9.4788    0.8037   -0.7080
    7.2800    9.4868    0.7966   -0.7074
    7.2900    9.4947    0.7895   -0.7068
    7.3000    9.5026    0.7824   -0.7062
    7.3100    9.5104    0.7754   -0.7055
    7.3200    9.5181    0.7683   -0.7048
    7.3300    9.5257    0.7613   -0.7040
    7.3400    9.5333    0.7543   -0.7032
    7.3500    9.5408    0.7472   -0.7024
    7.3600    9.5483    0.7402   -0.7015
    7.3700    9.5556    0.7332   -0.7007
    7.3800    9.5629    0.7262   -0.6997
    7.3900    9.5702    0.7192   -0.6988
    7.4000    9.5773    0.7122   -0.6978
    7.4100    9.5844    0.7052   -0.6968
    7.4200    9.5914    0.6983   -0.6957
    7.4300    9.5984    0.6913   -0.6946
    7.4400    9.6052    0.6844   -0.6934
    7.4500    9.6121    0.6775   -0.6923
    7.4600    9.6188    0.6705   -0.6911
    7.4700    9.6255    0.6636   -0.6898
    7.4800    9.6321    0.6567   -0.6885
    7.4900    9.6386    0.6499   -0.6872
    7.5000    9.6451    0.6430   -0.6859
    7.5100    9.6515    0.6362   -0.6845
    7.5200    9.6578    0.6293   -0.6831
    7.5300    9.6640    0.6225   -0.6816
    7.5400    9.6702    0.6157   -0.6801
    7.5500    9.6764    0.6089   -0.6786
    7.5600    9.6824    0.6021   -0.6770
    7.5700    9.6884    0.5954   -0.6754
    7.5800    9.6943    0.5886   -0.6737
    7.5900    9.7002    0.5819   -0.6720
    7.6000    9.7060    0.5752   -0.6703
    7.6100    9.7117    0.5685   -0.6685
    7.6200    9.7173    0.5618   -0.6667
    7.6300    9.7229    0.5551   -0.6649
    7.6400    9.7284    0.5485   -0.6630
    7.6500    9.7339    0.5419   -0.6611
    7.6600    9.7393    0.5353   -0.6592
    7.6700    9.7446    0.5287   -0.6572
    7.6800    9.7498    0.5221   -0.6551
    7.6900    9.7550    0.5156   -0.6531
    7.7000    9.7602    0.5091   -0.6510
    7.7100    9.7652    0.5026   -0.6488
    7.7200    9.7702    0.4961   -0.6466
    7.7300    9.7751    0.4896   -0.6444
    7.7400    9.7800    0.4832   -0.6421
    7.7500    9.7848    0.4768   -0.6398
    7.7600    9.7895    0.4704   -0.6375
    7.7700    9.7942    0.4640   -0.6351
    7.7800    9.7988    0.4577   -0.6327
    7.7900    9.8034    0.4514   -0.6302
    7.8000    9.8078    0.4451   -0.6277
    7.8100    9.8123    0.4388   -0.6252
    7.8200    9.8166    0.4326   -0.6226
    7.8300    9.8209    0.4264   -0.6200
    7.8400    9.8251    0.4202   -0.6173
    7.8500    9.8293    0.4140   -0.6146
    7.8600    9.8334    0.4079   -0.6118
    7.8700    9.8375    0.4018   -0.6090
    7.8800    9.8415    0.3957   -0.6062
    7.8900    9.8454    0.3897   -0.6033
    7.9000    9.8493    0.3837   -0.6004
    7.9100    9.8531    0.3777   -0.5975
    7.9200    9.8568    0.3717   -0.5945
    7.9300    9.8605    0.3658   -0.5915
    7.9400    9.8641    0.3599   -0.5884
    7.9500    9.8677    0.3540   -0.5853
    7.9600    9.8712    0.3482   -0.5821
    7.9700    9.8747    0.3424   -0.5789
    7.9800    9.8781    0.3366   -0.5756
    7.9900    9.8814    0.3309   -0.5724
    8.0000    9.8847    0.3252   -0.5690
    8.0100    9.8879    0.3195   -0.5656
    8.0200    9.8911    0.3138   -0.5622
    8.0300    9.8942    0.3082   -0.5588
    8.0400    9.8972    0.3027   -0.5553
    8.0500    9.9002    0.2971   -0.5517
    8.0600    9.9032    0.2916   -0.5481
    8.0700    9.9061    0.2862   -0.5445
    8.0800    9.9089    0.2807   -0.5408
    8.0900    9.9117    0.2754   -0.5371
    8.1000    9.9144    0.2700   -0.5333
    8.1100    9.9171    0.2647   -0.5295
    8.1200    9.9197    0.2594   -0.5257
    8.1300    9.9223    0.2542   -0.5218
    8.1400    9.9248    0.2490   -0.5178
    8.1500    9.9272    0.2438   -0.5139
    8.1600    9.9297    0.2387   -0.5098
    8.1700    9.9320    0.2336   -0.5057
    8.1800    9.9343    0.2286   -0.5016
    8.1900    9.9366    0.2236   -0.4975
    8.2000    9.9388    0.2186   -0.4933
    8.2100    9.9410    0.2137   -0.4890
    8.2200    9.9431    0.2089   -0.4847
    8.2300    9.9451    0.2040   -0.4804
    8.2400    9.9472    0.1992   -0.4760
    8.2500    9.9491    0.1945   -0.4715
    8.2600    9.9510    0.1898   -0.4671
    8.2700    9.9529    0.1852   -0.4625
    8.2800    9.9547    0.1806   -0.4580
    8.2900    9.9565    0.1760   -0.4533
    8.3000    9.9583    0.1715   -0.4487
    8.3100    9.9600    0.1670   -0.4440
    8.3200    9.9616    0.1626   -0.4392
    8.3300    9.9632    0.1583   -0.4344
    8.3400    9.9648    0.1539   -0.4295
    8.3500    9.9663    0.1497   -0.4246
    8.3600    9.9678    0.1454   -0.4197
    8.3700    9.9692    0.1413   -0.4147
    8.3800    9.9706    0.1371   -0.4097
    8.3900    9.9719    0.1331   -0.4046
    8.4000    9.9733    0.1291   -0.3995
    8.4100    9.9745    0.1251   -0.3943
    8.4200    9.9758    0.1212   -0.3890
    8.4300    9.9769    0.1173   -0.3838
    8.4400    9.9781    0.1135   -0.3784
    8.4500    9.9792    0.1097   -0.3731
    8.4600    9.9803    0.1060   -0.3676
    8.4700    9.9813    0.1024   -0.3622
    8.4800    9.9823    0.0988   -0.3567
    8.4900    9.9833    0.0952   -0.3511
    8.5000    9.9843    0.0918   -0.3455
    8.5100    9.9852    0.0883   -0.3398
    8.5200    9.9860    0.0850   -0.3341
    8.5300    9.9869    0.0817   -0.3283
    8.5400    9.9877    0.0784   -0.3225
    8.5500    9.9884    0.0752   -0.3167
    8.5600    9.9892    0.0721   -0.3108
    8.5700    9.9899    0.0690   -0.3048
    8.5800    9.9905    0.0660   -0.2988
    8.5900    9.9912    0.0630   -0.2927
    8.6000    9.9918    0.0601   -0.2866
    8.6100    9.9924    0.0573   -0.2805
    8.6200    9.9929    0.0545   -0.2743
    8.6300    9.9935    0.0518   -0.2680
    8.6400    9.9940    0.0492   -0.2617
    8.6500    9.9945    0.0466   -0.2553
    8.6600    9.9949    0.0440   -0.2489
    8.6700    9.9953    0.0416   -0.2425
    8.6800    9.9957    0.0392   -0.2359
    8.6900    9.9961    0.0369   -0.2294
    8.7000    9.9965    0.0346   -0.2228
    8.7100    9.9968    0.0324   -0.2161
    8.7200    9.9971    0.0303   -0.2094
    8.7300    9.9974    0.0282   -0.2026
    8.7400    9.9977    0.0262   -0.1958
    8.7500    9.9979    0.0243   -0.1889
    8.7600    9.9982    0.0225   -0.1820
    8.7700    9.9984    0.0207   -0.1750
    8.7800    9.9986    0.0190   -0.1680
    8.7900    9.9988    0.0173   -0.1609
    8.8000    9.9989    0.0157   -0.1538
    8.8100    9.9991    0.0142   -0.1466
    8.8200    9.9992    0.0128   -0.1394
    8.8300    9.9993    0.0114   -0.1321
    8.8400    9.9995    0.0102   -0.1247
    8.8500    9.9995    0.0090   -0.1174
    8.8600    9.9996    0.0078   -0.1099
    8.8700    9.9997    0.0068   -0.1024
    8.8800    9.9998    0.0058   -0.0948
    8.8900    9.9998    0.0049   -0.0872
    8.9000    9.9999    0.0040   -0.0796
    8.9100    9.9999    0.0033   -0.0719
    8.9200    9.9999    0.0026   -0.0641
    8.9300   10.0000    0.0020   -0.0563
    8.9400   10.0000    0.0015   -0.0484
    8.9500   10.0000    0.0010   -0.0405
    8.9600   10.0000    0.0007   -0.0325
    8.9700   10.0000    0.0004   -0.0244
    8.9800   10.0000    0.0002   -0.0164
    8.9900   10.0000    0.0000   -0.0082
    9.0000   10.0000    0.0000    0.0000
    9.0100   10.0000         0         0
    9.0200   10.0000         0         0
    9.0300   10.0000         0         0
    9.0400   10.0000         0         0
    9.0500   10.0000         0         0
    9.0600   10.0000         0         0
    9.0700   10.0000         0         0
    9.0800   10.0000         0         0
    9.0900   10.0000         0         0
    9.1000   10.0000         0         0
    9.1100   10.0000         0         0
    9.1200   10.0000         0         0
    9.1300   10.0000         0         0
    9.1400   10.0000         0         0
    9.1500   10.0000         0         0
    9.1600   10.0000         0         0
    9.1700   10.0000         0         0
    9.1800   10.0000         0         0
    9.1900   10.0000         0         0
    9.2000   10.0000         0         0
    9.2100   10.0000         0         0
    9.2200   10.0000         0         0
    9.2300   10.0000         0         0
    9.2400   10.0000         0         0
    9.2500   10.0000         0         0
    9.2600   10.0000         0         0
    9.2700   10.0000         0         0
    9.2800   10.0000         0         0
    9.2900   10.0000         0         0
    9.3000   10.0000         0         0
    9.3100   10.0000         0         0
    9.3200   10.0000         0         0
    9.3300   10.0000         0         0
    9.3400   10.0000         0         0
    9.3500   10.0000         0         0
    9.3600   10.0000         0         0
    9.3700   10.0000         0         0
    9.3800   10.0000         0         0
    9.3900   10.0000         0         0
    9.4000   10.0000         0         0
    9.4100   10.0000         0         0
    9.4200   10.0000         0         0
    9.4300   10.0000         0         0
    9.4400   10.0000         0         0
    9.4500   10.0000         0         0
    9.4600   10.0000         0         0
    9.4700   10.0000         0         0
    9.4800   10.0000         0         0
    9.4900   10.0000         0         0
    9.5000   10.0000         0         0
    9.5100   10.0000         0         0
    9.5200   10.0000         0         0
    9.5300   10.0000         0         0
    9.5400   10.0000         0         0
    9.5500   10.0000         0         0
    9.5600   10.0000         0         0
    9.5700   10.0000         0         0
    9.5800   10.0000         0         0
    9.5900   10.0000         0         0
    9.6000   10.0000         0         0
    9.6100   10.0000         0         0
    9.6200   10.0000         0         0
    9.6300   10.0000         0         0
    9.6400   10.0000         0         0
    9.6500   10.0000         0         0
    9.6600   10.0000         0         0
    9.6700   10.0000         0         0
    9.6800   10.0000         0         0
    9.6900   10.0000         0         0
    9.7000   10.0000         0         0
    9.7100   10.0000         0         0
    9.7200   10.0000         0         0
    9.7300   10.0000         0         0
    9.7400   10.0000         0         0
    9.7500   10.0000         0         0
    9.7600   10.0000         0         0
    9.7700   10.0000         0         0
    9.7800   10.0000         0         0
    9.7900   10.0000         0         0
    9.8000   10.0000         0         0
    9.8100   10.0000         0         0
    9.8200   10.0000         0         0
    9.8300   10.0000         0         0
    9.8400   10.0000         0         0
    9.8500   10.0000         0         0
    9.8600   10.0000         0         0
    9.8700   10.0000         0         0
    9.8800   10.0000         0         0
    9.8900   10.0000         0         0
    9.9000   10.0000         0         0
    9.9100   10.0000         0         0
    9.9200   10.0000         0         0
    9.9300   10.0000         0         0
    9.9400   10.0000         0         0
    9.9500   10.0000         0         0
    9.9600   10.0000         0         0
    9.9700   10.0000         0         0
    9.9800   10.0000         0         0
    9.9900   10.0000         0         0
   10.0000   10.0000         0         0

