         0         0         0         0
    0.0100    0.0000    0.0011    0.2200
    0.0200    0.0000    0.0044    0.4356
    0.0300    0.0001    0.0098    0.6468
    0.0400    0.0002    0.0173    0.8536
    0.0500    0.0005    0.0269    1.0562
    0.0600    0.0008    0.0384    1.2544
    0.0700    0.0012    0.0519    1.4484
    0.0800    0.0018    0.0674    1.6381
    0.0900    0.0026    0.0847    1.8236
    0.1000    0.0035    0.1038    2.0049
    0.1100    0.0047    0.1248    2.1821
    0.1200    0.0060    0.1475    2.3552
    0.1300    0.0076    0.1719    2.5242
    0.1400    0.0095    0.1979    2.6891
    0.1500    0.0116    0.2256    2.8500
    0.1600    0.0140    0.2549    3.0069
    0.1700    0.0167    0.2857    3.1598
    0.1800    0.0197    0.3181    3.3088
    0.1900    0.0231    0.3519    3.4539
    0.2000    0.0267    0.3872    3.5951
    0.2100    0.0308    0.4238    3.7324
    0.2200    0.0352    0.4618    3.8659
    0.2300    0.0400    0.5011    3.9956
    0.2400    0.0453    0.5417    4.1216
    0.2500    0.0509    0.5835    4.2438
    0.2600    0.0569    0.6266    4.3624
    0.2700    0.0634    0.6708    4.4772
    0.2800    0.0703    0.7161    4.5884
    0.2900    0.0777    0.7625    4.6960
    0.3000    0.0856    0.8100    4.8000
    0.3100    0.0939    0.8585    4.9004
    0.3200    0.1028    0.9080    4.9974
    0.3300    0.1121    0.9584    5.0908
    0.3400    0.1219    1.0098    5.1808
    0.3500    0.1323    1.0620    5.2673
    0.3600    0.1432    1.1151    5.3504
    0.3700    0.1546    1.1690    5.4301
    0.3800    0.1666    1.2237    5.5065
    0.3900    0.1791    1.2792    5.5796
    0.4000    0.1922    1.3353    5.6494
    0.4100    0.2058    1.3921    5.7159
    0.4200    0.2200    1.4496    5.7792
    0.4300    0.2348    1.5077    5.8393
    0.4400    0.2502    1.5664    5.8962
    0.4500    0.2661    1.6256    5.9500
    0.4600    0.2827    1.6854    6.0007
    0.4700    0.2998    1.7456    6.0483
    0.4800    0.3176    1.8063    6.0928
    0.4900    0.3360    1.8675    6.1343
    0.5000    0.3549    1.9290    6.1728
    0.5100    0.3745    1.9909    6.2084
    0.5200    0.3948    2.0532    6.2410
    0.5300    0.4156    2.1157    6.2708
    0.5400    0.4371    2.1786    6.2976
    0.5500    0.4592    2.2417    6.3216
    0.5600    0.4819    2.3050    6.3428
    0.5700    0.5053    2.3685    6.3612
    0.5800    0.5293    2.4322    6.3768
    0.5900    0.5539    2.4960    6.3898
    0.6000    0.5792    2.5600    6.4000
    0.6100    0.6051    2.6240    6.4076
    0.6200    0.6317    2.6881    6.4125
    0.6300    0.6589    2.7523    6.4148
    0.6400    0.6867    2.8164    6.4145
    0.6500    0.7152    2.8806    6.4117
    0.6600    0.7443    2.9447    6.4064
    0.6700    0.7741    3.0087    6.3986
    0.6800    0.8045    3.0726    6.3883
    0.6900    0.8356    3.1364    6.3756
    0.7000    0.8672    3.2001    6.3605
    0.7100    0.8996    3.2636    6.3430
    0.7200    0.9325    3.3270    6.3232
    0.7300    0.9661    3.3901    6.3011
    0.7400    1.0003    3.4530    6.2767
    0.7500    1.0352    3.5156    6.2500
    0.7600    1.0706    3.5780    6.2211
    0.7700    1.1067    3.6400    6.1900
    0.7800    1.1434    3.7018    6.1568
    0.7900    1.1807    3.7632    6.1214
    0.8000    1.2187    3.8242    6.0840
    0.8100    1.2572    3.8848    6.0444
    0.8200    1.2964    3.9451    6.0028
    0.8300    1.3361    4.0049    5.9592
    0.8400    1.3765    4.0643    5.9136
    0.8500    1.4174    4.1232    5.8660
    0.8600    1.4589    4.1816    5.8166
    0.8700    1.5010    4.2395    5.7652
    0.8800    1.5437    4.2969    5.7120
    0.8900    1.5870    4.3537    5.6569
    0.9000    1.6308    4.4100    5.6000
    0.9100    1.6752    4.4657    5.5413
    0.9200    1.7201    4.5208    5.4809
    0.9300    1.7656    4.5753    5.4188
    0.9400    1.8116    4.6292    5.3550
    0.9500    1.8582    4.6824    5.2895
    0.9600    1.9053    4.7350    5.2224
    0.9700    1.9529    4.7869    5.1537
    0.9800    2.0010    4.8380    5.0834
    0.9900    2.0496    4.8885    5.0116
    1.0000    2.0988    4.9383    4.9383
    1.0100    2.1484    4.9873    4.8635
    1.0200    2.1985    5.0355    4.7872
    1.0300    2.2491    5.0830    4.7095
    1.0400    2.3002    5.1297    4.6304
    1.0500    2.3517    5.1756    4.5500
    1.0600    2.4037    5.2207    4.4682
    1.0700    2.4561    5.2650    4.3852
    1.0800    2.5090    5.3084    4.3008
    1.0900    2.5623    5.3510    4.2152
    1.1000    2.6160    5.3927    4.1284
    1.1100    2.6701    5.4336    4.0404
    1.1200    2.7247    5.4735    3.9512
    1.1300    2.7796    5.5126    3.8610
    1.1400    2.8349    5.5507    3.7696
    1.1500    2.8906    5.5880    3.6772
    1.1600    2.9467    5.6243    3.5837
    1.1700    3.0031    5.6596    3.4892
    1.1800    3.0599    5.6941    3.3937
    1.1900    3.1170    5.7275    3.2973
    1.2000    3.1744    5.7600    3.2000
    1.2100    3.2322    5.7915    3.1018
    1.2200    3.2902    5.8220    3.0027
    1.2300    3.3486    5.8516    2.9028
    1.2400    3.4073    5.8801    2.8021
    1.2500    3.4662    5.9076    2.7006
    1.2600    3.5254    5.9341    2.5984
    1.2700    3.5849    5.9596    2.4955
    1.2800    3.6446    5.9840    2.3919
    1.2900    3.7045    6.0074    2.2876
    1.3000    3.7647    6.0298    2.1827
    1.3100    3.8251    6.0511    2.0772
    1.3200    3.8858    6.0713    1.9712
    1.3300    3.9466    6.0905    1.8646
    1.3400    4.0076    6.1086    1.7576
    1.3500    4.0687    6.1256    1.6500
    1.3600    4.1301    6.1416    1.5420
    1.3700    4.1916    6.1565    1.4336
    1.3800    4.2532    6.1703    1.3248
    1.3900    4.3150    6.1830    1.2156
    1.4000    4.3768    6.1946    1.1062
    1.4100    4.4388    6.2051    0.9964
    1.4200    4.5009    6.2145    0.8864
    1.4300    4.5631    6.2228    0.7761
    1.4400    4.6254    6.2300    0.6656
    1.4500    4.6877    6.2361    0.5549
    1.4600    4.7501    6.2411    0.4441
    1.4700    4.8125    6.2450    0.3332
    1.4800    4.8750    6.2478    0.2222
    1.4900    4.9375    6.2494    0.1111
    1.5000    5.0000    6.2500   -0.0000
    1.5100    5.0625    6.2494   -0.1111
    1.5200    5.1250    6.2478   -0.2222
    1.5300    5.1875    6.2450   -0.3332
    1.5400    5.2499    6.2411   -0.4441
    1.5500    5.3123    6.2361   -0.5549
    1.5600    5.3746    6.2300   -0.6656
    1.5700    5.4369    6.2228   -0.7761
    1.5800    5.4991    6.2145   -0.8864
    1.5900    5.5612    6.2051   -0.9964
    1.6000    5.6232    6.1946   -1.1062
    1.6100    5.6850    6.1830   -1.2156
    1.6200    5.7468    6.1703   -1.3248
    1.6300    5.8084    6.1565   -1.4336
    1.6400    5.8699    6.1416   -1.5420
    1.6500    5.9313    6.1256   -1.6500
    1.6600    5.9924    6.1086   -1.7576
    1.6700    6.0534    6.0905   -1.8646
    1.6800    6.1142    6.0713   -1.9712
    1.6900    6.1749    6.0511   -2.0772
    1.7000    6.2353    6.0298   -2.1827
    1.7100    6.2955    6.0074   -2.2876
    1.7200    6.3554    5.9840   -2.3919
    1.7300    6.4151    5.9596   -2.4955
    1.7400    6.4746    5.9341   -2.5984
    1.7500    6.5338    5.9076   -2.7006
    1.7600    6.5927    5.8801   -2.8021
    1.7700    6.6514    5.8516   -2.9028
    1.7800    6.7098    5.8220   -3.0027
    1.7900    6.7678    5.7915   -3.1018
    1.8000    6.8256    5.7600   -3.2000
    1.8100    6.8830    5.7275   -3.2973
    1.8200    6.9401    5.6941   -3.3937
    1.8300    6.9969    5.6596   -3.4892
    1.8400    7.0533    5.6243   -3.5837
    1.8500    7.1094    5.5880   -3.6772
    1.8600    7.1651    5.5507   -3.7696
    1.8700    7.2204    5.5126   -3.8610
    1.8800    7.2753    5.4735   -3.9512
    1.8900    7.3299    5.4336   -4.0404
    1.9000    7.3840    5.3927   -4.1284
    1.9100    7.4377    5.3510   -4.2152
    1.9200    7.4910    5.3084   -4.3008
    1.9300    7.5439    5.2650   -4.3852
    1.9400    7.5963    5.2207   -4.4682
    1.9500    7.6483    5.1756   -4.5500
    1.9600    7.6998    5.1297   -4.6304
    1.9700    7.7509    5.0830   -4.7095
    1.9800    7.8015    5.0355   -4.7872
    1.9900    7.8516    4.9873   -4.8635
    2.0000    7.9012    4.9383   -4.9383
    2.0100    7.9504    4.8885   -5.0116
    2.0200    7.9990    4.8380   -5.0834
    2.0300    8.0471    4.7869   -5.1537
    2.0400    8.0947    4.7350   -5.2224
    2.0500    8.1418    4.6824   -5.2895
    2.0600    8.1884    4.6292   -5.3550
    2.0700    8.2344    4.5753   -5.4188
    2.0800    8.2799    4.5208   -5.4809
    2.0900    8.3248    4.4657   -5.5413
    2.1000    8.3692    4.4100   -5.6000
    2.1100    8.4130    4.3537   -5.6569
    2.1200    8.4563    4.2969   -5.7120
    2.1300    8.4990    4.2395   -5.7652
    2.1400    8.5411    4.1816   -5.8166
    2.1500    8.5826    4.1232   -5.8660
    2.1600    8.6235    4.0643   -5.9136
    2.1700    8.6639    4.0049   -5.9592
    2.1800    8.7036    3.9451   -6.0028
    2.1900    8.7428    3.8848   -6.0444
    2.2000    8.7813    3.8242   -6.0840
    2.2100    8.8193    3.7632   -6.1214
    2.2200    8.8566    3.7018   -6.1568
    2.2300    8.8933    3.6400   -6.1900
    2.2400    8.9294    3.5780   -6.2211
    2.2500    8.9648    3.5156   -6.2500
    2.2600    8.9997    3.4530   -6.2767
    2.2700    9.0339    3.3901   -6.3011
    2.2800    9.0675    3.3270   -6.3232
    2.2900    9.1004    3.2636   -6.3430
    2.3000    9.1328    3.2001   -6.3605
    2.3100    9.1644    3.1364   -6.3756
    2.3200    9.1955    3.0726   -6.3883
    2.3300    9.2259    3.0087   -6.3986
    2.3400    9.2557    2.9447   -6.4064
    2.3500    9.2848    2.8806   -6.4117
    2.3600    9.3133    2.8164   -6.4145
    2.3700    9.3411    2.7523   -6.4148
    2.3800    9.3683    2.6881   -6.4125
    2.3900    9.3949    2.6240   -6.4076
    2.4000    9.4208    2.5600   -6.4000
    2.4100    9.4461    2.4960   -6.3898
    2.4200    9.4707    2.4322   -6.3768
    2.4300    9.4947    2.3685   -6.3612
    2.4400    9.5181    2.3050   -6.3428
    2.4500    9.5408    2.2417   -6.3216
    2.4600    9.5629    2.1786   -6.2976
    2.4700    9.5844    2.1157   -6.2708
    2.4800    9.6052    2.0532   -6.2410
    2.4900    9.6255    1.9909   -6.2084
    2.5000    9.6451    1.9290   -6.1728
    2.5100    9.6640    1.8675   -6.1343
    2.5200    9.6824    1.8063   -6.0928
    2.5300    9.7002    1.7456   -6.0483
    2.5400    9.7173    1.6854   -6.0007
    2.5500    9.7339    1.6256   -5.9500
    2.5600    9.7498    1.5664   -5.8962
    2.5700    9.7652    1.5077   -5.8393
    2.5800    9.7800    1.4496   -5.7792
    2.5900    9.7942    1.3921   -5.7159
    2.6000    9.8078    1.3353   -5.6494
    2.6100    9.8209    1.2792   -5.5796
    2.6200    9.8334    1.2237   -5.5065
    2.6300    9.8454    1.1690   -5.4301
    2.6400    9.8568    1.1151   -5.3504
    2.6500    9.8677    1.0620   -5.2673
    2.6600    9.8781    1.0098   -5.1808
    2.6700    9.8879    0.9584   -5.0908
    2.6800    9.8972    0.9080   -4.9974
    2.6900    9.9061    0.8585   -4.9004
    2.7000    9.9144    0.8100   -4.8000
    2.7100    9.9223    0.7625   -4.6960
    2.7200    9.9297    0.7161   -4.5884
    2.7300    9.9366    0.6708   -4.4772
    2.7400    9.9431    0.6266   -4.3624
    2.7500    9.9491    0.5835   -4.2438
    2.7600    9.9547    0.5417   -4.1216
    2.7700    9.9600    0.5011   -3.9956
    2.7800    9.9648    0.4618   -3.8659
    2.7900    9.9692    0.4238   -3.7324
    2.8000    9.9733    0.3872   -3.5951
    2.8100    9.9769    0.3519   -3.4539
    2.8200    9.9803    0.3181   -3.3088
    2.8300    9.9833    0.2857   -3.1598
    2.8400    9.9860    0.2549   -3.0069
    2.8500    9.9884    0.2256   -2.8500
    2.8600    9.9905    0.1979   -2.6891
    2.8700    9.9924    0.1719   -2.5242
    2.8800    9.9940    0.1475   -2.3552
    2.8900    9.9953    0.1248   -2.1821
    2.9000    9.9965    0.1038   -2.0049
    2.9100    9.9974    0.0847   -1.8236
    2.9200    9.9982    0.0674   -1.6381
    2.9300    9.9988    0.0519   -1.4484
    2.9400    9.9992    0.0384   -1.2544
    2.9500    9.9995    0.0269   -1.0562
    2.9600    9.9998    0.0173   -0.8536
    2.9700    9.9999    0.0098   -0.6468
    2.9800   10.0000    0.0044   -0.4356
    2.9900   10.0000    0.0011   -0.2200
    3.0000   10.0000         0   -0.0000
    3.0100   10.0000         0         0
    3.0200   10.0000         0         0
    3.0300   10.0000         0         0
    3.0400   10.0000         0         0
    3.0500   10.0000         0         0
    3.0600   10.0000         0         0
    3.0700   10.0000         0         0
    3.0800   10.0000         0         0
    3.0900   10.0000         0         0
    3.1000   10.0000         0         0
    3.1100   10.0000         0         0
    3.1200   10.0000         0         0
    3.1300   10.0000         0         0
    3.1400   10.0000         0         0
    3.1500   10.0000         0         0
    3.1600   10.0000         0         0
    3.1700   10.0000         0         0
    3.1800   10.0000         0         0
    3.1900   10.0000         0         0
    3.2000   10.0000         0         0
    3.2100   10.0000         0         0
    3.2200   10.0000         0         0
    3.2300   10.0000         0         0
    3.2400   10.0000         0         0
    3.2500   10.0000         0         0
    3.2600   10.0000         0         0
    3.2700   10.0000         0         0
    3.2800   10.0000         0         0
    3.2900   10.0000         0         0
    3.3000   10.0000         0         0
    3.3100   10.0000         0         0
    3.3200   10.0000         0         0
    3.3300   10.0000         0         0
    3.3400   10.0000         0         0
    3.3500   10.0000         0         0
    3.3600   10.0000         0         0
    3.3700   10.0000         0         0
    3.3800   10.0000         0         0
    3.3900   10.0000         0         0
    3.4000   10.0000         0         0
    3.4100   10.0000         0         0
    3.4200   10.0000         0         0
    3.4300   10.0000         0         0
    3.4400   10.0000         0         0
    3.4500   10.0000         0         0
    3.4600   10.0000         0         0
    3.4700   10.0000         0         0
    3.4800   10.0000         0         0
    3.4900   10.0000         0         0
    3.5000   10.0000         0         0
    3.5100   10.0000         0         0
    3.5200   10.0000         0         0
    3.5300   10.0000         0         0
    3.5400   10.0000         0         0
    3.5500   10.0000         0         0
    3.5600   10.0000         0         0
    3.5700   10.0000         0         0
    3.5800   10.0000         0         0
    3.5900   10.0000         0         0
    3.6000   10.0000         0         0
    3.6100   10.0000         0         0
    3.6200   10.0000         0         0
    3.6300   10.0000         0         0
    3.6400   10.0000         0         0
    3.6500   10.0000         0         0
    3.6600   10.0000         0         0
    3.6700   10.0000         0         0
    3.6800   10.0000         0         0
    3.6900   10.0000         0         0
    3.7000   10.0000         0         0
    3.7100   10.0000         0         0
    3.7200   10.0000         0         0
    3.7300   10.0000         0         0
    3.7400   10.0000         0         0
    3.7500   10.0000         0         0
    3.7600   10.0000         0         0
    3.7700   10.0000         0         0
    3.7800   10.0000         0         0
    3.7900   10.0000         0         0
    3.8000   10.0000         0         0
    3.8100   10.0000         0         0
    3.8200   10.0000         0         0
    3.8300   10.0000         0         0
    3.8400   10.0000         0         0
    3.8500   10.0000         0         0
    3.8600   10.0000         0         0
    3.8700   10.0000         0         0
    3.8800   10.0000         0         0
    3.8900   10.0000         0         0
    3.9000   10.0000         0         0
    3.9100   10.0000         0         0
    3.9200   10.0000         0         0
    3.9300   10.0000         0         0
    3.9400   10.0000         0         0
    3.9500   10.0000         0         0
    3.9600   10.0000         0         0
    3.9700   10.0000         0         0
    3.9800   10.0000         0         0
    3.9900   10.0000         0         0
    4.0000   10.0000         0         0
    4.0100   10.0000         0         0
    4.0200   10.0000         0         0
    4.0300   10.0000         0         0
    4.0400   10.0000         0         0
    4.0500   10.0000         0         0
    4.0600   10.0000         0         0
    4.0700   10.0000         0         0
    4.0800   10.0000         0         0
    4.0900   10.0000         0         0
    4.1000   10.0000         0         0
    4.1100   10.0000         0         0
    4.1200   10.0000         0         0
    4.1300   10.0000         0         0
    4.1400   10.0000         0         0
    4.1500   10.0000         0         0
    4.1600   10.0000         0         0
    4.1700   10.0000         0         0
    4.1800   10.0000         0         0
    4.1900   10.0000         0         0
    4.2000   10.0000         0         0
    4.2100   10.0000         0         0
    4.2200   10.0000         0         0
    4.2300   10.0000         0         0
    4.2400   10.0000         0         0
    4.2500   10.0000         0         0
    4.2600   10.0000         0         0
    4.2700   10.0000         0         0
    4.2800   10.0000         0         0
    4.2900   10.0000         0         0
    4.3000   10.0000         0         0
    4.3100   10.0000         0         0
    4.3200   10.0000         0         0
    4.3300   10.0000         0         0
    4.3400   10.0000         0         0
    4.3500   10.0000         0         0
    4.3600   10.0000         0         0
    4.3700   10.0000         0         0
    4.3800   10.0000         0         0
    4.3900   10.0000         0         0
    4.4000   10.0000         0         0
    4.4100   10.0000         0         0
    4.4200   10.0000         0         0
    4.4300   10.0000         0         0
    4.4400   10.0000         0         0
    4.4500   10.0000         0         0
    4.4600   10.0000         0         0
    4.4700   10.0000         0         0
    4.4800   10.0000         0         0
    4.4900   10.0000         0         0
    4.5000   10.0000         0         0
    4.5100   10.0000         0         0
    4.5200   10.0000         0         0
    4.5300   10.0000         0         0
    4.5400   10.0000         0         0
    4.5500   10.0000         0         0
    4.5600   10.0000         0         0
    4.5700   10.0000         0         0
    4.5800   10.0000         0         0
    4.5900   10.0000         0         0
    4.6000   10.0000         0         0
    4.6100   10.0000         0         0
    4.6200   10.0000         0         0
    4.6300   10.0000         0         0
    4.6400   10.0000         0         0
    4.6500   10.0000         0         0
    4.6600   10.0000         0         0
    4.6700   10.0000         0         0
    4.6800   10.0000         0         0
    4.6900   10.0000         0         0
    4.7000   10.0000         0         0
    4.7100   10.0000         0         0
    4.7200   10.0000         0         0
    4.7300   10.0000         0         0
    4.7400   10.0000         0         0
    4.7500   10.0000         0         0
    4.7600   10.0000         0         0
    4.7700   10.0000         0         0
    4.7800   10.0000         0         0
    4.7900   10.0000         0         0
    4.8000   10.0000         0         0
    4.8100   10.0000         0         0
    4.8200   10.0000         0         0
    4.8300   10.0000         0         0
    4.8400   10.0000         0         0
    4.8500   10.0000         0         0
    4.8600   10.0000         0         0
    4.8700   10.0000         0         0
    4.8800   10.0000         0         0
    4.8900   10.0000         0         0
    4.9000   10.0000         0         0
    4.9100   10.0000         0         0
    4.9200   10.0000         0         0
    4.9300   10.0000         0         0
    4.9400   10.0000         0         0
    4.9500   10.0000         0         0
    4.9600   10.0000         0         0
    4.9700   10.0000         0         0
    4.9800   10.0000         0         0
    4.9900   10.0000         0         0
    5.0000   10.0000         0         0
    5.0100   10.0000         0         0
    5.0200   10.0000         0         0
    5.0300   10.0000         0         0
    5.0400   10.0000         0         0
    5.0500   10.0000         0         0
    5.0600   10.0000         0         0
    5.0700   10.0000         0         0
    5.0800   10.0000         0         0
    5.0900   10.0000         0         0
    5.1000   10.0000         0         0
    5.1100   10.0000         0         0
    5.1200   10.0000         0         0
    5.1300   10.0000         0         0
    5.1400   10.0000         0         0
    5.1500   10.0000         0         0
    5.1600   10.0000         0         0
    5.1700   10.0000         0         0
    5.1800   10.0000         0         0
    5.1900   10.0000         0         0
    5.2000   10.0000         0         0
    5.2100   10.0000         0         0
    5.2200   10.0000         0         0
    5.2300   10.0000         0         0
    5.2400   10.0000         0         0
    5.2500   10.0000         0         0
    5.2600   10.0000         0         0
    5.2700   10.0000         0         0
    5.2800   10.0000         0         0
    5.2900   10.0000         0         0
    5.3000   10.0000         0         0
    5.3100   10.0000         0         0
    5.3200   10.0000         0         0
    5.3300   10.0000         0         0
    5.3400   10.0000         0         0
    5.3500   10.0000         0         0
    5.3600   10.0000         0         0
    5.3700   10.0000         0         0
    5.3800   10.0000         0         0
    5.3900   10.0000         0         0
    5.4000   10.0000         0         0
    5.4100   10.0000         0         0
    5.4200   10.0000         0         0
    5.4300   10.0000         0         0
    5.4400   10.0000         0         0
    5.4500   10.0000         0         0
    5.4600   10.0000         0         0
    5.4700   10.0000         0         0
    5.4800   10.0000         0         0
    5.4900   10.0000         0         0
    5.5000   10.0000         0         0
    5.5100   10.0000         0         0
    5.5200   10.0000         0         0
    5.5300   10.0000         0         0
    5.5400   10.0000         0         0
    5.5500   10.0000         0         0
    5.5600   10.0000         0         0
    5.5700   10.0000         0         0
    5.5800   10.0000         0         0
    5.5900   10.0000         0         0
    5.6000   10.0000         0         0
    5.6100   10.0000         0         0
    5.6200   10.0000         0         0
    5.6300   10.0000         0         0
    5.6400   10.0000         0         0
    5.6500   10.0000         0         0
    5.6600   10.0000         0         0
    5.6700   10.0000         0         0
    5.6800   10.0000         0         0
    5.6900   10.0000         0         0
    5.7000   10.0000         0         0
    5.7100   10.0000         0         0
    5.7200   10.0000         0         0
    5.7300   10.0000         0         0
    5.7400   10.0000         0         0
    5.7500   10.0000         0         0
    5.7600   10.0000         0         0
    5.7700   10.0000         0         0
    5.7800   10.0000         0         0
    5.7900   10.0000         0         0
    5.8000   10.0000         0         0
    5.8100   10.0000         0         0
    5.8200   10.0000         0         0
    5.8300   10.0000         0         0
    5.8400   10.0000         0         0
    5.8500   10.0000         0         0
    5.8600   10.0000         0         0
    5.8700   10.0000         0         0
    5.8800   10.0000         0         0
    5.8900   10.0000         0         0
    5.9000   10.0000         0         0
    5.9100   10.0000         0         0
    5.9200   10.0000         0         0
    5.9300   10.0000         0         0
    5.9400   10.0000         0         0
    5.9500   10.0000         0         0
    5.9600   10.0000         0         0
    5.9700   10.0000         0         0
    5.9800   10.0000         0         0
    5.9900   10.0000         0         0
    6.0000   10.0000         0         0
    6.0100   10.0000         0         0
    6.0200   10.0000         0         0
    6.0300   10.0000         0         0
    6.0400   10.0000         0         0
    6.0500   10.0000         0         0
    6.0600   10.0000         0         0
    6.0700   10.0000         0         0
    6.0800   10.0000         0         0
    6.0900   10.0000         0         0
    6.1000   10.0000         0         0
    6.1100   10.0000         0         0
    6.1200   10.0000         0         0
    6.1300   10.0000         0         0
    6.1400   10.0000         0         0
    6.1500   10.0000         0         0
    6.1600   10.0000         0         0
    6.1700   10.0000         0         0
    6.1800   10.0000         0         0
    6.1900   10.0000         0         0
    6.2000   10.0000         0         0
    6.2100   10.0000         0         0
    6.2200   10.0000         0         0
    6.2300   10.0000         0         0
    6.2400   10.0000         0         0
    6.2500   10.0000         0         0
    6.2600   10.0000         0         0
    6.2700   10.0000         0         0
    6.2800   10.0000         0         0
    6.2900   10.0000         0         0
    6.3000   10.0000         0         0
    6.3100   10.0000         0         0
    6.3200   10.0000         0         0
    6.3300   10.0000         0         0
    6.3400   10.0000         0         0
    6.3500   10.0000         0         0
    6.3600   10.0000         0         0
    6.3700   10.0000         0         0
    6.3800   10.0000         0         0
    6.3900   10.0000         0         0
    6.4000   10.0000         0         0
    6.4100   10.0000         0         0
    6.4200   10.0000         0         0
    6.4300   10.0000         0         0
    6.4400   10.0000         0         0
    6.4500   10.0000         0         0
    6.4600   10.0000         0         0
    6.4700   10.0000         0         0
    6.4800   10.0000         0         0
    6.4900   10.0000         0         0
    6.5000   10.0000         0         0
    6.5100   10.0000         0         0
    6.5200   10.0000         0         0
    6.5300   10.0000         0         0
    6.5400   10.0000         0         0
    6.5500   10.0000         0         0
    6.5600   10.0000         0         0
    6.5700   10.0000         0         0
    6.5800   10.0000         0         0
    6.5900   10.0000         0         0
    6.6000   10.0000         0         0
    6.6100   10.0000         0         0
    6.6200   10.0000         0         0
    6.6300   10.0000         0         0
    6.6400   10.0000         0         0
    6.6500   10.0000         0         0
    6.6600   10.0000         0         0
    6.6700   10.0000         0         0
    6.6800   10.0000         0         0
    6.6900   10.0000         0         0
    6.7000   10.0000         0         0
    6.7100   10.0000         0         0
    6.7200   10.0000         0         0
    6.7300   10.0000         0         0
    6.7400   10.0000         0         0
    6.7500   10.0000         0         0
    6.7600   10.0000         0         0
    6.7700   10.0000         0         0
    6.7800   10.0000         0         0
    6.7900   10.0000         0         0
    6.8000   10.0000         0         0
    6.8100   10.0000         0         0
    6.8200   10.0000         0         0
    6.8300   10.0000         0         0
    6.8400   10.0000         0         0
    6.8500   10.0000         0         0
    6.8600   10.0000         0         0
    6.8700   10.0000         0         0
    6.8800   10.0000         0         0
    6.8900   10.0000         0         0
    6.9000   10.0000         0         0
    6.9100   10.0000         0         0
    6.9200   10.0000         0         0
    6.9300   10.0000         0         0
    6.9400   10.0000         0         0
    6.9500   10.0000         0         0
    6.9600   10.0000         0         0
    6.9700   10.0000         0         0
    6.9800   10.0000         0         0
    6.9900   10.0000         0         0
    7.0000   10.0000         0         0
    7.0100   10.0000         0         0
    7.0200   10.0000         0         0
    7.0300   10.0000         0         0
    7.0400   10.0000         0         0
    7.0500   10.0000         0         0
    7.0600   10.0000         0         0
    7.0700   10.0000         0         0
    7.0800   10.0000         0         0
    7.0900   10.0000         0         0
    7.1000   10.0000         0         0
    7.1100   10.0000         0         0
    7.1200   10.0000         0         0
    7.1300   10.0000         0         0
    7.1400   10.0000         0         0
    7.1500   10.0000         0         0
    7.1600   10.0000         0         0
    7.1700   10.0000         0         0
    7.1800   10.0000         0         0
    7.1900   10.0000         0         0
    7.2000   10.0000         0         0
    7.2100   10.0000         0         0
    7.2200   10.0000         0         0
    7.2300   10.0000         0         0
    7.2400   10.0000         0         0
    7.2500   10.0000         0         0
    7.2600   10.0000         0         0
    7.2700   10.0000         0         0
    7.2800   10.0000         0         0
    7.2900   10.0000         0         0
    7.3000   10.0000         0         0
    7.3100   10.0000         0         0
    7.3200   10.0000         0         0
    7.3300   10.0000         0         0
    7.3400   10.0000         0         0
    7.3500   10.0000         0         0
    7.3600   10.0000         0         0
    7.3700   10.0000         0         0
    7.3800   10.0000         0         0
    7.3900   10.0000         0         0
    7.4000   10.0000         0         0
    7.4100   10.0000         0         0
    7.4200   10.0000         0         0
    7.4300   10.0000         0         0
    7.4400   10.0000         0         0
    7.4500   10.0000         0         0
    7.4600   10.0000         0         0
    7.4700   10.0000         0         0
    7.4800   10.0000         0         0
    7.4900   10.0000         0         0
    7.5000   10.0000         0         0
    7.5100   10.0000         0         0
    7.5200   10.0000         0         0
    7.5300   10.0000         0         0
    7.5400   10.0000         0         0
    7.5500   10.0000         0         0
    7.5600   10.0000         0         0
    7.5700   10.0000         0         0
    7.5800   10.0000         0         0
    7.5900   10.0000         0         0
    7.6000   10.0000         0         0
    7.6100   10.0000         0         0
    7.6200   10.0000         0         0
    7.6300   10.0000         0         0
    7.6400   10.0000         0         0
    7.6500   10.0000         0         0
    7.6600   10.0000         0         0
    7.6700   10.0000         0         0
    7.6800   10.0000         0         0
    7.6900   10.0000         0         0
    7.7000   10.0000         0         0
    7.7100   10.0000         0         0
    7.7200   10.0000         0         0
    7.7300   10.0000         0         0
    7.7400   10.0000         0         0
    7.7500   10.0000         0         0
    7.7600   10.0000         0         0
    7.7700   10.0000         0         0
    7.7800   10.0000         0         0
    7.7900   10.0000         0         0
    7.8000   10.0000         0         0
    7.8100   10.0000         0         0
    7.8200   10.0000         0         0
    7.8300   10.0000         0         0
    7.8400   10.0000         0         0
    7.8500   10.0000         0         0
    7.8600   10.0000         0         0
    7.8700   10.0000         0         0
    7.8800   10.0000         0         0
    7.8900   10.0000         0         0
    7.9000   10.0000         0         0
    7.9100   10.0000         0         0
    7.9200   10.0000         0         0
    7.9300   10.0000         0         0
    7.9400   10.0000         0         0
    7.9500   10.0000         0         0
    7.9600   10.0000         0         0
    7.9700   10.0000         0         0
    7.9800   10.0000         0         0
    7.9900   10.0000         0         0
    8.0000   10.0000         0         0

